(kicad_pcb (version 20171130) (host pcbnew "(5.1.5)-3")

  (general
    (thickness 1.6)
    (drawings 19)
    (tracks 127)
    (zones 0)
    (modules 19)
    (nets 40)
  )

  (page A4)
  (layers
    (0 F.Cu signal)
    (31 B.Cu signal)
    (32 B.Adhes user)
    (33 F.Adhes user)
    (34 B.Paste user)
    (35 F.Paste user)
    (36 B.SilkS user)
    (37 F.SilkS user)
    (38 B.Mask user)
    (39 F.Mask user)
    (40 Dwgs.User user)
    (41 Cmts.User user)
    (42 Eco1.User user)
    (43 Eco2.User user)
    (44 Edge.Cuts user)
    (45 Margin user)
    (46 B.CrtYd user)
    (47 F.CrtYd user)
    (48 B.Fab user)
    (49 F.Fab user hide)
  )

  (setup
    (last_trace_width 0.25)
    (trace_clearance 0.2)
    (zone_clearance 0.508)
    (zone_45_only no)
    (trace_min 0.2)
    (via_size 0.8)
    (via_drill 0.4)
    (via_min_size 0.4)
    (via_min_drill 0.3)
    (uvia_size 0.3)
    (uvia_drill 0.1)
    (uvias_allowed no)
    (uvia_min_size 0.2)
    (uvia_min_drill 0.1)
    (edge_width 0.05)
    (segment_width 0.2)
    (pcb_text_width 0.3)
    (pcb_text_size 1.5 1.5)
    (mod_edge_width 0.12)
    (mod_text_size 0.508 0.508)
    (mod_text_width 0.0762)
    (pad_size 1.7 1.7)
    (pad_drill 1)
    (pad_to_mask_clearance 0.051)
    (solder_mask_min_width 0.25)
    (aux_axis_origin 0 0)
    (visible_elements 7FFFFFFF)
    (pcbplotparams
      (layerselection 0x010fc_ffffffff)
      (usegerberextensions false)
      (usegerberattributes false)
      (usegerberadvancedattributes false)
      (creategerberjobfile false)
      (excludeedgelayer true)
      (linewidth 0.100000)
      (plotframeref false)
      (viasonmask false)
      (mode 1)
      (useauxorigin false)
      (hpglpennumber 1)
      (hpglpenspeed 20)
      (hpglpendiameter 15.000000)
      (psnegative false)
      (psa4output false)
      (plotreference true)
      (plotvalue true)
      (plotinvisibletext false)
      (padsonsilk false)
      (subtractmaskfromsilk false)
      (outputformat 5)
      (mirror false)
      (drillshape 0)
      (scaleselection 1)
      (outputdirectory "C:/Users/Scott/Desktop/thermi"))
  )

  (net 0 "")
  (net 1 "Net-(ADC1-Pad1)")
  (net 2 "Net-(ADC1-Pad2)")
  (net 3 "Net-(ADC1-Pad4)")
  (net 4 "Net-(ADC1-Pad5)")
  (net 5 "Net-(ADC1-Pad6)")
  (net 6 "Net-(ADC1-Pad7)")
  (net 7 "Net-(ADC1-Pad8)")
  (net 8 "Net-(ADC1-Pad9)")
  (net 9 "Net-(ADC1-Pad10)")
  (net 10 GND)
  (net 11 VDD)
  (net 12 "Net-(PROBE0-Pad3)")
  (net 13 "Net-(PROBE1-Pad3)")
  (net 14 "Net-(PROBE2-Pad3)")
  (net 15 "Net-(PROBE3-Pad3)")
  (net 16 "Net-(J1-Pad4)")
  (net 17 "Net-(J1-Pad2)")
  (net 18 "Net-(U1-Pad1)")
  (net 19 "Net-(U1-Pad3)")
  (net 20 "Net-(U1-Pad5)")
  (net 21 "Net-(U1-Pad6)")
  (net 22 "Net-(U1-Pad7)")
  (net 23 "Net-(U1-Pad8)")
  (net 24 "Net-(U1-Pad9)")
  (net 25 "Net-(U1-Pad11)")
  (net 26 "Net-(U1-Pad12)")
  (net 27 "Net-(U1-Pad13)")
  (net 28 "Net-(U1-Pad14)")
  (net 29 "Net-(U1-Pad15)")
  (net 30 "Net-(U1-Pad18)")
  (net 31 "Net-(U1-Pad19)")
  (net 32 "Net-(U1-Pad20)")
  (net 33 "Net-(U1-Pad21)")
  (net 34 "Net-(U1-Pad23)")
  (net 35 "Net-(U1-Pad24)")
  (net 36 "Net-(U1-Pad25)")
  (net 37 "Net-(U1-Pad26)")
  (net 38 "Net-(U1-Pad17)")
  (net 39 "Net-(U1-Pad22)")

  (net_class Default "This is the default net class."
    (clearance 0.2)
    (trace_width 0.25)
    (via_dia 0.8)
    (via_drill 0.4)
    (uvia_dia 0.3)
    (uvia_drill 0.1)
    (add_net GND)
    (add_net "Net-(ADC1-Pad1)")
    (add_net "Net-(ADC1-Pad10)")
    (add_net "Net-(ADC1-Pad2)")
    (add_net "Net-(ADC1-Pad4)")
    (add_net "Net-(ADC1-Pad5)")
    (add_net "Net-(ADC1-Pad6)")
    (add_net "Net-(ADC1-Pad7)")
    (add_net "Net-(ADC1-Pad8)")
    (add_net "Net-(ADC1-Pad9)")
    (add_net "Net-(J1-Pad2)")
    (add_net "Net-(J1-Pad4)")
    (add_net "Net-(PROBE0-Pad3)")
    (add_net "Net-(PROBE1-Pad3)")
    (add_net "Net-(PROBE2-Pad3)")
    (add_net "Net-(PROBE3-Pad3)")
    (add_net "Net-(U1-Pad1)")
    (add_net "Net-(U1-Pad11)")
    (add_net "Net-(U1-Pad12)")
    (add_net "Net-(U1-Pad13)")
    (add_net "Net-(U1-Pad14)")
    (add_net "Net-(U1-Pad15)")
    (add_net "Net-(U1-Pad17)")
    (add_net "Net-(U1-Pad18)")
    (add_net "Net-(U1-Pad19)")
    (add_net "Net-(U1-Pad20)")
    (add_net "Net-(U1-Pad21)")
    (add_net "Net-(U1-Pad22)")
    (add_net "Net-(U1-Pad23)")
    (add_net "Net-(U1-Pad24)")
    (add_net "Net-(U1-Pad25)")
    (add_net "Net-(U1-Pad26)")
    (add_net "Net-(U1-Pad3)")
    (add_net "Net-(U1-Pad5)")
    (add_net "Net-(U1-Pad6)")
    (add_net "Net-(U1-Pad7)")
    (add_net "Net-(U1-Pad8)")
    (add_net "Net-(U1-Pad9)")
    (add_net VDD)
  )

  (module Resistor_SMD:R_0805_2012Metric (layer F.Cu) (tedit 5B36C52B) (tstamp 5E23C12C)
    (at 197.5612 73.3806 90)
    (descr "Resistor SMD 0805 (2012 Metric), square (rectangular) end terminal, IPC_7351 nominal, (Body size source: https://docs.google.com/spreadsheets/d/1BsfQQcO9C6DZCsRaXUlFlo91Tg2WpOkGARC1WS5S8t0/edit?usp=sharing), generated with kicad-footprint-generator")
    (tags resistor)
    (path /5E2A5DEE)
    (attr smd)
    (fp_text reference R7 (at -2.1336 -0.0508 180) (layer F.SilkS)
      (effects (font (size 0.508 0.508) (thickness 0.0762)))
    )
    (fp_text value 10k (at 0 1.65 90) (layer F.Fab)
      (effects (font (size 1 1) (thickness 0.15)))
    )
    (fp_line (start -1 0.6) (end -1 -0.6) (layer F.Fab) (width 0.1))
    (fp_line (start -1 -0.6) (end 1 -0.6) (layer F.Fab) (width 0.1))
    (fp_line (start 1 -0.6) (end 1 0.6) (layer F.Fab) (width 0.1))
    (fp_line (start 1 0.6) (end -1 0.6) (layer F.Fab) (width 0.1))
    (fp_line (start -0.258578 -0.71) (end 0.258578 -0.71) (layer F.SilkS) (width 0.12))
    (fp_line (start -0.258578 0.71) (end 0.258578 0.71) (layer F.SilkS) (width 0.12))
    (fp_line (start -1.68 0.95) (end -1.68 -0.95) (layer F.CrtYd) (width 0.05))
    (fp_line (start -1.68 -0.95) (end 1.68 -0.95) (layer F.CrtYd) (width 0.05))
    (fp_line (start 1.68 -0.95) (end 1.68 0.95) (layer F.CrtYd) (width 0.05))
    (fp_line (start 1.68 0.95) (end -1.68 0.95) (layer F.CrtYd) (width 0.05))
    (fp_text user %R (at 0 0 90) (layer F.Fab)
      (effects (font (size 1 1) (thickness 0.15)))
    )
    (pad 1 smd roundrect (at -0.9375 0 90) (size 0.975 1.4) (layers F.Cu F.Paste F.Mask) (roundrect_rratio 0.25)
      (net 11 VDD))
    (pad 2 smd roundrect (at 0.9375 0 90) (size 0.975 1.4) (layers F.Cu F.Paste F.Mask) (roundrect_rratio 0.25)
      (net 6 "Net-(ADC1-Pad7)"))
    (model ${KISYS3DMOD}/Resistor_SMD.3dshapes/R_0805_2012Metric.wrl
      (at (xyz 0 0 0))
      (scale (xyz 1 1 1))
      (rotate (xyz 0 0 0))
    )
  )

  (module Resistor_SMD:R_0805_2012Metric (layer F.Cu) (tedit 5E22063D) (tstamp 5E223EF3)
    (at 199.2122 61.9252 270)
    (descr "Resistor SMD 0805 (2012 Metric), square (rectangular) end terminal, IPC_7351 nominal, (Body size source: https://docs.google.com/spreadsheets/d/1BsfQQcO9C6DZCsRaXUlFlo91Tg2WpOkGARC1WS5S8t0/edit?usp=sharing), generated with kicad-footprint-generator")
    (tags resistor)
    (path /5E21E933)
    (attr smd)
    (fp_text reference R3 (at -2.0955 0.0381 180) (layer F.SilkS)
      (effects (font (size 0.508 0.508) (thickness 0.0762)))
    )
    (fp_text value 10k (at 0 1.65 90) (layer F.Fab)
      (effects (font (size 1 1) (thickness 0.15)))
    )
    (fp_text user %R (at 0 0 90) (layer F.Fab)
      (effects (font (size 1 1) (thickness 0.15)))
    )
    (fp_line (start 1.68 0.95) (end -1.68 0.95) (layer F.CrtYd) (width 0.05))
    (fp_line (start 1.68 -0.95) (end 1.68 0.95) (layer F.CrtYd) (width 0.05))
    (fp_line (start -1.68 -0.95) (end 1.68 -0.95) (layer F.CrtYd) (width 0.05))
    (fp_line (start -1.68 0.95) (end -1.68 -0.95) (layer F.CrtYd) (width 0.05))
    (fp_line (start -0.258578 0.71) (end 0.258578 0.71) (layer F.SilkS) (width 0.12))
    (fp_line (start -0.258578 -0.71) (end 0.258578 -0.71) (layer F.SilkS) (width 0.12))
    (fp_line (start 1 0.6) (end -1 0.6) (layer F.Fab) (width 0.1))
    (fp_line (start 1 -0.6) (end 1 0.6) (layer F.Fab) (width 0.1))
    (fp_line (start -1 -0.6) (end 1 -0.6) (layer F.Fab) (width 0.1))
    (fp_line (start -1 0.6) (end -1 -0.6) (layer F.Fab) (width 0.1))
    (pad 2 smd roundrect (at 0.9375 0 270) (size 0.975 1.4) (layers F.Cu F.Paste F.Mask) (roundrect_rratio 0.25)
      (net 2 "Net-(ADC1-Pad2)"))
    (pad 1 smd roundrect (at -0.9375 0 270) (size 0.975 1.4) (layers F.Cu F.Paste F.Mask) (roundrect_rratio 0.25)
      (net 11 VDD))
    (model ${KISYS3DMOD}/Resistor_SMD.3dshapes/R_0805_2012Metric.wrl
      (at (xyz 0 0 0))
      (scale (xyz 1 1 1))
      (rotate (xyz 0 0 0))
    )
  )

  (module thermi:ESP32_HUZZAH (layer F.Cu) (tedit 5E229BF3) (tstamp 5E22FD54)
    (at 193.15176 41.76268)
    (path /5E22D99B)
    (fp_text reference ESP32_HUZZAH (at 10.60704 -1.88468 180) (layer F.SilkS)
      (effects (font (size 0.508 0.508) (thickness 0.0762)))
    )
    (fp_text value ESP32_HUZZAH (at 8.89 7.62) (layer F.Fab)
      (effects (font (size 1 1) (thickness 0.15)))
    )
    (pad 1 thru_hole oval (at 0 0) (size 1.7 1.7) (drill 1) (layers *.Cu *.Mask)
      (net 18 "Net-(U1-Pad1)"))
    (pad 2 thru_hole oval (at 0 2.54) (size 1.7 1.7) (drill 1) (layers *.Cu *.Mask)
      (net 11 VDD))
    (pad 3 thru_hole oval (at 0 5.08) (size 1.7 1.7) (drill 1) (layers *.Cu *.Mask)
      (net 19 "Net-(U1-Pad3)"))
    (pad 4 thru_hole oval (at 0 7.62) (size 1.7 1.7) (drill 1) (layers *.Cu *.Mask)
      (net 10 GND))
    (pad 5 thru_hole oval (at 0 10.16) (size 1.7 1.7) (drill 1) (layers *.Cu *.Mask)
      (net 20 "Net-(U1-Pad5)"))
    (pad 6 thru_hole oval (at 0 12.7) (size 1.7 1.7) (drill 1) (layers *.Cu *.Mask)
      (net 21 "Net-(U1-Pad6)"))
    (pad 7 thru_hole oval (at 0 15.24) (size 1.7 1.7) (drill 1) (layers *.Cu *.Mask)
      (net 22 "Net-(U1-Pad7)"))
    (pad 8 thru_hole oval (at 0 17.78) (size 1.7 1.7) (drill 1) (layers *.Cu *.Mask)
      (net 23 "Net-(U1-Pad8)"))
    (pad 9 thru_hole oval (at 0 20.32) (size 1.7 1.7) (drill 1) (layers *.Cu *.Mask)
      (net 24 "Net-(U1-Pad9)"))
    (pad 10 thru_hole oval (at 0 22.86) (size 1.7 1.7) (drill 1) (layers *.Cu *.Mask)
      (net 2 "Net-(ADC1-Pad2)"))
    (pad 11 thru_hole oval (at 0 25.4) (size 1.7 1.7) (drill 1) (layers *.Cu *.Mask)
      (net 25 "Net-(U1-Pad11)"))
    (pad 12 thru_hole oval (at 0 27.94) (size 1.7 1.7) (drill 1) (layers *.Cu *.Mask)
      (net 26 "Net-(U1-Pad12)"))
    (pad 13 thru_hole oval (at 0 30.48) (size 1.7 1.7) (drill 1) (layers *.Cu *.Mask)
      (net 27 "Net-(U1-Pad13)"))
    (pad 14 thru_hole oval (at 0 33.02) (size 1.7 1.7) (drill 1) (layers *.Cu *.Mask)
      (net 28 "Net-(U1-Pad14)"))
    (pad 15 thru_hole oval (at 0 35.56) (size 1.7 1.7) (drill 1) (layers *.Cu *.Mask)
      (net 29 "Net-(U1-Pad15)"))
    (pad 16 thru_hole oval (at 0 38.1) (size 1.7 1.7) (drill 1) (layers *.Cu *.Mask)
      (net 16 "Net-(J1-Pad4)"))
    (pad 17 thru_hole oval (at 20.32 10.16) (size 1.7 1.7) (drill 1) (layers *.Cu *.Mask)
      (net 38 "Net-(U1-Pad17)"))
    (pad 18 thru_hole oval (at 20.32 12.7) (size 1.7 1.7) (drill 1) (layers *.Cu *.Mask)
      (net 30 "Net-(U1-Pad18)"))
    (pad 19 thru_hole oval (at 20.32 15.24) (size 1.7 1.7) (drill 1) (layers *.Cu *.Mask)
      (net 31 "Net-(U1-Pad19)"))
    (pad 20 thru_hole oval (at 20.32 17.78) (size 1.7 1.7) (drill 1) (layers *.Cu *.Mask)
      (net 32 "Net-(U1-Pad20)"))
    (pad 21 thru_hole oval (at 20.32 20.32) (size 1.7 1.7) (drill 1) (layers *.Cu *.Mask)
      (net 33 "Net-(U1-Pad21)"))
    (pad 22 thru_hole oval (at 20.32 22.86) (size 1.7 1.7) (drill 1) (layers *.Cu *.Mask)
      (net 39 "Net-(U1-Pad22)"))
    (pad 23 thru_hole oval (at 20.32 25.4) (size 1.7 1.7) (drill 1) (layers *.Cu *.Mask)
      (net 34 "Net-(U1-Pad23)"))
    (pad 24 thru_hole oval (at 20.32 27.94) (size 1.7 1.7) (drill 1) (layers *.Cu *.Mask)
      (net 35 "Net-(U1-Pad24)"))
    (pad 25 thru_hole oval (at 20.32 30.48) (size 1.7 1.7) (drill 1) (layers *.Cu *.Mask)
      (net 36 "Net-(U1-Pad25)"))
    (pad 26 thru_hole oval (at 20.32 33.02) (size 1.7 1.7) (drill 1) (layers *.Cu *.Mask)
      (net 37 "Net-(U1-Pad26)"))
    (pad 27 thru_hole oval (at 20.32 35.56) (size 1.7 1.7) (drill 1) (layers *.Cu *.Mask)
      (net 9 "Net-(ADC1-Pad10)"))
    (pad 28 thru_hole oval (at 20.32 38.1) (size 1.7 1.7) (drill 1) (layers *.Cu *.Mask)
      (net 8 "Net-(ADC1-Pad9)"))
  )

  (module Capacitor_SMD:C_0805_2012Metric (layer F.Cu) (tedit 5E220662) (tstamp 5E24163B)
    (at 200.1774 77.3684)
    (descr "Capacitor SMD 0805 (2012 Metric), square (rectangular) end terminal, IPC_7351 nominal, (Body size source: https://docs.google.com/spreadsheets/d/1BsfQQcO9C6DZCsRaXUlFlo91Tg2WpOkGARC1WS5S8t0/edit?usp=sharing), generated with kicad-footprint-generator")
    (tags capacitor)
    (path /5E21F4C8)
    (attr smd)
    (fp_text reference C1 (at 1.1684 -1.4224) (layer F.SilkS)
      (effects (font (size 0.508 0.508) (thickness 0.0762)))
    )
    (fp_text value 1uf (at 0 1.65) (layer F.Fab)
      (effects (font (size 1 1) (thickness 0.15)))
    )
    (fp_text user %R (at 0 0) (layer F.Fab)
      (effects (font (size 1 1) (thickness 0.15)))
    )
    (fp_line (start 1.68 0.95) (end -1.68 0.95) (layer F.CrtYd) (width 0.05))
    (fp_line (start 1.68 -0.95) (end 1.68 0.95) (layer F.CrtYd) (width 0.05))
    (fp_line (start -1.68 -0.95) (end 1.68 -0.95) (layer F.CrtYd) (width 0.05))
    (fp_line (start -1.68 0.95) (end -1.68 -0.95) (layer F.CrtYd) (width 0.05))
    (fp_line (start -0.258578 0.71) (end 0.258578 0.71) (layer F.SilkS) (width 0.12))
    (fp_line (start -0.258578 -0.71) (end 0.258578 -0.71) (layer F.SilkS) (width 0.12))
    (fp_line (start 1 0.6) (end -1 0.6) (layer F.Fab) (width 0.1))
    (fp_line (start 1 -0.6) (end 1 0.6) (layer F.Fab) (width 0.1))
    (fp_line (start -1 -0.6) (end 1 -0.6) (layer F.Fab) (width 0.1))
    (fp_line (start -1 0.6) (end -1 -0.6) (layer F.Fab) (width 0.1))
    (pad 2 smd roundrect (at 0.9375 0) (size 0.975 1.4) (layers F.Cu F.Paste F.Mask) (roundrect_rratio 0.25)
      (net 10 GND))
    (pad 1 smd roundrect (at -0.9375 0) (size 0.975 1.4) (layers F.Cu F.Paste F.Mask) (roundrect_rratio 0.25)
      (net 7 "Net-(ADC1-Pad8)"))
    (model ${KISYS3DMOD}/Capacitor_SMD.3dshapes/C_0805_2012Metric.wrl
      (at (xyz 0 0 0))
      (scale (xyz 1 1 1))
      (rotate (xyz 0 0 0))
    )
  )

  (module Resistor_SMD:R_0805_2012Metric (layer F.Cu) (tedit 5E220667) (tstamp 5E21E3FA)
    (at 203.2 73.5965 180)
    (descr "Resistor SMD 0805 (2012 Metric), square (rectangular) end terminal, IPC_7351 nominal, (Body size source: https://docs.google.com/spreadsheets/d/1BsfQQcO9C6DZCsRaXUlFlo91Tg2WpOkGARC1WS5S8t0/edit?usp=sharing), generated with kicad-footprint-generator")
    (tags resistor)
    (path /5E3FE717)
    (attr smd)
    (fp_text reference FB2 (at -0.9906 1.3589) (layer F.SilkS)
      (effects (font (size 0.508 0.508) (thickness 0.0762)))
    )
    (fp_text value MMZ2012Y152B (at 0 1.65) (layer F.Fab)
      (effects (font (size 1 1) (thickness 0.15)))
    )
    (fp_text user %R (at 0 0) (layer F.Fab)
      (effects (font (size 1 1) (thickness 0.15)))
    )
    (fp_line (start 1.68 0.95) (end -1.68 0.95) (layer F.CrtYd) (width 0.05))
    (fp_line (start 1.68 -0.95) (end 1.68 0.95) (layer F.CrtYd) (width 0.05))
    (fp_line (start -1.68 -0.95) (end 1.68 -0.95) (layer F.CrtYd) (width 0.05))
    (fp_line (start -1.68 0.95) (end -1.68 -0.95) (layer F.CrtYd) (width 0.05))
    (fp_line (start -0.258578 0.71) (end 0.258578 0.71) (layer F.SilkS) (width 0.12))
    (fp_line (start -0.258578 -0.71) (end 0.258578 -0.71) (layer F.SilkS) (width 0.12))
    (fp_line (start 1 0.6) (end -1 0.6) (layer F.Fab) (width 0.1))
    (fp_line (start 1 -0.6) (end 1 0.6) (layer F.Fab) (width 0.1))
    (fp_line (start -1 -0.6) (end 1 -0.6) (layer F.Fab) (width 0.1))
    (fp_line (start -1 0.6) (end -1 -0.6) (layer F.Fab) (width 0.1))
    (pad 2 smd roundrect (at 0.9375 0 180) (size 0.975 1.4) (layers F.Cu F.Paste F.Mask) (roundrect_rratio 0.25)
      (net 7 "Net-(ADC1-Pad8)"))
    (pad 1 smd roundrect (at -0.9375 0 180) (size 0.975 1.4) (layers F.Cu F.Paste F.Mask) (roundrect_rratio 0.25)
      (net 11 VDD))
    (model ${KISYS3DMOD}/Resistor_SMD.3dshapes/R_0805_2012Metric.wrl
      (at (xyz 0 0 0))
      (scale (xyz 1 1 1))
      (rotate (xyz 0 0 0))
    )
  )

  (module Resistor_SMD:R_0805_2012Metric (layer F.Cu) (tedit 5B36C52B) (tstamp 5E23E7B6)
    (at 199.2376 55.9816 270)
    (descr "Resistor SMD 0805 (2012 Metric), square (rectangular) end terminal, IPC_7351 nominal, (Body size source: https://docs.google.com/spreadsheets/d/1BsfQQcO9C6DZCsRaXUlFlo91Tg2WpOkGARC1WS5S8t0/edit?usp=sharing), generated with kicad-footprint-generator")
    (tags resistor)
    (path /5E2A5AFC)
    (attr smd)
    (fp_text reference R6 (at -2.0574 0 180) (layer F.SilkS)
      (effects (font (size 0.508 0.508) (thickness 0.0762)))
    )
    (fp_text value 10k (at 0 1.65 90) (layer F.Fab)
      (effects (font (size 1 1) (thickness 0.15)))
    )
    (fp_text user %R (at 0 0 90) (layer F.Fab)
      (effects (font (size 1 1) (thickness 0.15)))
    )
    (fp_line (start 1.68 0.95) (end -1.68 0.95) (layer F.CrtYd) (width 0.05))
    (fp_line (start 1.68 -0.95) (end 1.68 0.95) (layer F.CrtYd) (width 0.05))
    (fp_line (start -1.68 -0.95) (end 1.68 -0.95) (layer F.CrtYd) (width 0.05))
    (fp_line (start -1.68 0.95) (end -1.68 -0.95) (layer F.CrtYd) (width 0.05))
    (fp_line (start -0.258578 0.71) (end 0.258578 0.71) (layer F.SilkS) (width 0.12))
    (fp_line (start -0.258578 -0.71) (end 0.258578 -0.71) (layer F.SilkS) (width 0.12))
    (fp_line (start 1 0.6) (end -1 0.6) (layer F.Fab) (width 0.1))
    (fp_line (start 1 -0.6) (end 1 0.6) (layer F.Fab) (width 0.1))
    (fp_line (start -1 -0.6) (end 1 -0.6) (layer F.Fab) (width 0.1))
    (fp_line (start -1 0.6) (end -1 -0.6) (layer F.Fab) (width 0.1))
    (pad 2 smd roundrect (at 0.9375 0 270) (size 0.975 1.4) (layers F.Cu F.Paste F.Mask) (roundrect_rratio 0.25)
      (net 4 "Net-(ADC1-Pad5)"))
    (pad 1 smd roundrect (at -0.9375 0 270) (size 0.975 1.4) (layers F.Cu F.Paste F.Mask) (roundrect_rratio 0.25)
      (net 11 VDD))
    (model ${KISYS3DMOD}/Resistor_SMD.3dshapes/R_0805_2012Metric.wrl
      (at (xyz 0 0 0))
      (scale (xyz 1 1 1))
      (rotate (xyz 0 0 0))
    )
  )

  (module Resistor_SMD:R_0805_2012Metric (layer F.Cu) (tedit 5B36C52B) (tstamp 5E223F13)
    (at 199.2376 48.5902 270)
    (descr "Resistor SMD 0805 (2012 Metric), square (rectangular) end terminal, IPC_7351 nominal, (Body size source: https://docs.google.com/spreadsheets/d/1BsfQQcO9C6DZCsRaXUlFlo91Tg2WpOkGARC1WS5S8t0/edit?usp=sharing), generated with kicad-footprint-generator")
    (tags resistor)
    (path /5E265694)
    (attr smd)
    (fp_text reference R5 (at -2.0828 0 180) (layer F.SilkS)
      (effects (font (size 0.508 0.508) (thickness 0.0762)))
    )
    (fp_text value 10k (at 0 1.65 90) (layer F.Fab)
      (effects (font (size 1 1) (thickness 0.15)))
    )
    (fp_text user %R (at 0 0 90) (layer F.Fab)
      (effects (font (size 1 1) (thickness 0.15)))
    )
    (fp_line (start 1.68 0.95) (end -1.68 0.95) (layer F.CrtYd) (width 0.05))
    (fp_line (start 1.68 -0.95) (end 1.68 0.95) (layer F.CrtYd) (width 0.05))
    (fp_line (start -1.68 -0.95) (end 1.68 -0.95) (layer F.CrtYd) (width 0.05))
    (fp_line (start -1.68 0.95) (end -1.68 -0.95) (layer F.CrtYd) (width 0.05))
    (fp_line (start -0.258578 0.71) (end 0.258578 0.71) (layer F.SilkS) (width 0.12))
    (fp_line (start -0.258578 -0.71) (end 0.258578 -0.71) (layer F.SilkS) (width 0.12))
    (fp_line (start 1 0.6) (end -1 0.6) (layer F.Fab) (width 0.1))
    (fp_line (start 1 -0.6) (end 1 0.6) (layer F.Fab) (width 0.1))
    (fp_line (start -1 -0.6) (end 1 -0.6) (layer F.Fab) (width 0.1))
    (fp_line (start -1 0.6) (end -1 -0.6) (layer F.Fab) (width 0.1))
    (pad 2 smd roundrect (at 0.9375 0 270) (size 0.975 1.4) (layers F.Cu F.Paste F.Mask) (roundrect_rratio 0.25)
      (net 3 "Net-(ADC1-Pad4)"))
    (pad 1 smd roundrect (at -0.9375 0 270) (size 0.975 1.4) (layers F.Cu F.Paste F.Mask) (roundrect_rratio 0.25)
      (net 11 VDD))
    (model ${KISYS3DMOD}/Resistor_SMD.3dshapes/R_0805_2012Metric.wrl
      (at (xyz 0 0 0))
      (scale (xyz 1 1 1))
      (rotate (xyz 0 0 0))
    )
  )

  (module Resistor_SMD:R_0805_2012Metric (layer F.Cu) (tedit 5B36C52B) (tstamp 5E223FDF)
    (at 199.1614 67.31 270)
    (descr "Resistor SMD 0805 (2012 Metric), square (rectangular) end terminal, IPC_7351 nominal, (Body size source: https://docs.google.com/spreadsheets/d/1BsfQQcO9C6DZCsRaXUlFlo91Tg2WpOkGARC1WS5S8t0/edit?usp=sharing), generated with kicad-footprint-generator")
    (tags resistor)
    (path /5E2A6143)
    (attr smd)
    (fp_text reference R8 (at -2.1209 0 180) (layer F.SilkS)
      (effects (font (size 0.508 0.508) (thickness 0.0762)))
    )
    (fp_text value 10k (at 0 1.65 90) (layer F.Fab)
      (effects (font (size 1 1) (thickness 0.15)))
    )
    (fp_line (start -1 0.6) (end -1 -0.6) (layer F.Fab) (width 0.1))
    (fp_line (start -1 -0.6) (end 1 -0.6) (layer F.Fab) (width 0.1))
    (fp_line (start 1 -0.6) (end 1 0.6) (layer F.Fab) (width 0.1))
    (fp_line (start 1 0.6) (end -1 0.6) (layer F.Fab) (width 0.1))
    (fp_line (start -0.258578 -0.71) (end 0.258578 -0.71) (layer F.SilkS) (width 0.12))
    (fp_line (start -0.258578 0.71) (end 0.258578 0.71) (layer F.SilkS) (width 0.12))
    (fp_line (start -1.68 0.95) (end -1.68 -0.95) (layer F.CrtYd) (width 0.05))
    (fp_line (start -1.68 -0.95) (end 1.68 -0.95) (layer F.CrtYd) (width 0.05))
    (fp_line (start 1.68 -0.95) (end 1.68 0.95) (layer F.CrtYd) (width 0.05))
    (fp_line (start 1.68 0.95) (end -1.68 0.95) (layer F.CrtYd) (width 0.05))
    (fp_text user %R (at 0 0 90) (layer F.Fab)
      (effects (font (size 1 1) (thickness 0.15)))
    )
    (pad 1 smd roundrect (at -0.9375 0 270) (size 0.975 1.4) (layers F.Cu F.Paste F.Mask) (roundrect_rratio 0.25)
      (net 11 VDD))
    (pad 2 smd roundrect (at 0.9375 0 270) (size 0.975 1.4) (layers F.Cu F.Paste F.Mask) (roundrect_rratio 0.25)
      (net 5 "Net-(ADC1-Pad6)"))
    (model ${KISYS3DMOD}/Resistor_SMD.3dshapes/R_0805_2012Metric.wrl
      (at (xyz 0 0 0))
      (scale (xyz 1 1 1))
      (rotate (xyz 0 0 0))
    )
  )

  (module Connector_PinHeader_2.54mm:PinHeader_1x06_P2.54mm_Vertical (layer F.Cu) (tedit 59FED5CC) (tstamp 5E22A1E2)
    (at 196.32676 84.05368 90)
    (descr "Through hole straight pin header, 1x06, 2.54mm pitch, single row")
    (tags "Through hole pin header THT 1x06 2.54mm single row")
    (path /5E234CE6)
    (fp_text reference "J1 - to OLED" (at 2.31648 0.70104) (layer F.SilkS)
      (effects (font (size 0.508 0.508) (thickness 0.0762)))
    )
    (fp_text value Conn_01x06_Male (at 0 15.03 90) (layer F.Fab)
      (effects (font (size 1 1) (thickness 0.15)))
    )
    (fp_line (start -0.635 -1.27) (end 1.27 -1.27) (layer F.Fab) (width 0.1))
    (fp_line (start 1.27 -1.27) (end 1.27 13.97) (layer F.Fab) (width 0.1))
    (fp_line (start 1.27 13.97) (end -1.27 13.97) (layer F.Fab) (width 0.1))
    (fp_line (start -1.27 13.97) (end -1.27 -0.635) (layer F.Fab) (width 0.1))
    (fp_line (start -1.27 -0.635) (end -0.635 -1.27) (layer F.Fab) (width 0.1))
    (fp_line (start -1.33 14.03) (end 1.33 14.03) (layer F.SilkS) (width 0.12))
    (fp_line (start -1.33 1.27) (end -1.33 14.03) (layer F.SilkS) (width 0.12))
    (fp_line (start 1.33 1.27) (end 1.33 14.03) (layer F.SilkS) (width 0.12))
    (fp_line (start -1.33 1.27) (end 1.33 1.27) (layer F.SilkS) (width 0.12))
    (fp_line (start -1.33 0) (end -1.33 -1.33) (layer F.SilkS) (width 0.12))
    (fp_line (start -1.33 -1.33) (end 0 -1.33) (layer F.SilkS) (width 0.12))
    (fp_line (start -1.8 -1.8) (end -1.8 14.5) (layer F.CrtYd) (width 0.05))
    (fp_line (start -1.8 14.5) (end 1.8 14.5) (layer F.CrtYd) (width 0.05))
    (fp_line (start 1.8 14.5) (end 1.8 -1.8) (layer F.CrtYd) (width 0.05))
    (fp_line (start 1.8 -1.8) (end -1.8 -1.8) (layer F.CrtYd) (width 0.05))
    (fp_text user %R (at 0 6.35) (layer F.Fab)
      (effects (font (size 1 1) (thickness 0.15)))
    )
    (pad 1 thru_hole rect (at 0 0 90) (size 1.7 1.7) (drill 1) (layers *.Cu *.Mask)
      (net 11 VDD))
    (pad 2 thru_hole oval (at 0 2.54 90) (size 1.7 1.7) (drill 1) (layers *.Cu *.Mask)
      (net 17 "Net-(J1-Pad2)"))
    (pad 3 thru_hole oval (at 0 5.08 90) (size 1.7 1.7) (drill 1) (layers *.Cu *.Mask)
      (net 10 GND))
    (pad 4 thru_hole oval (at 0 7.62 90) (size 1.7 1.7) (drill 1) (layers *.Cu *.Mask)
      (net 16 "Net-(J1-Pad4)"))
    (pad 5 thru_hole oval (at 0 10.16 90) (size 1.7 1.7) (drill 1) (layers *.Cu *.Mask)
      (net 9 "Net-(ADC1-Pad10)"))
    (pad 6 thru_hole oval (at 0 12.7 90) (size 1.7 1.7) (drill 1) (layers *.Cu *.Mask)
      (net 8 "Net-(ADC1-Pad9)"))
    (model ${KISYS3DMOD}/Connector_PinHeader_2.54mm.3dshapes/PinHeader_1x06_P2.54mm_Vertical.wrl
      (at (xyz 0 0 0))
      (scale (xyz 1 1 1))
      (rotate (xyz 0 0 0))
    )
  )

  (module libraries:CUI_MJ-2508 (layer F.Cu) (tedit 5E22067A) (tstamp 5E21E4F1)
    (at 182.245 78.105 180)
    (path /5E21EDCF)
    (fp_text reference PROBE3 (at -3.683 3.302) (layer F.SilkS)
      (effects (font (size 0.508 0.508) (thickness 0.0762)))
    )
    (fp_text value MJ-2508 (at 0.33562 4.87412) (layer F.Fab)
      (effects (font (size 1 1) (thickness 0.15)))
    )
    (fp_line (start -2.15 -3.75) (end 5.3 -3.75) (layer F.SilkS) (width 0.127))
    (fp_line (start -6.65 4) (end -6.65 -4.5) (layer F.CrtYd) (width 0.05))
    (fp_line (start 5.6 4) (end -6.65 4) (layer F.CrtYd) (width 0.05))
    (fp_line (start 5.6 3) (end 5.6 4) (layer F.CrtYd) (width 0.05))
    (fp_line (start 9.35 3) (end 5.6 3) (layer F.CrtYd) (width 0.05))
    (fp_line (start 9.35 -3) (end 9.35 3) (layer F.CrtYd) (width 0.05))
    (fp_line (start 5.6 -3) (end 9.35 -3) (layer F.CrtYd) (width 0.05))
    (fp_line (start 5.6 -4.5) (end 5.6 -3) (layer F.CrtYd) (width 0.05))
    (fp_line (start -6.65 -4.5) (end 5.6 -4.5) (layer F.CrtYd) (width 0.05))
    (fp_line (start -5.3 3.75) (end -5.3 2) (layer F.SilkS) (width 0.127))
    (fp_line (start 5.3 3.75) (end -5.3 3.75) (layer F.SilkS) (width 0.127))
    (fp_line (start 5.3 2.75) (end 5.3 3.75) (layer F.SilkS) (width 0.127))
    (fp_line (start 9.1 2.75) (end 5.3 2.75) (layer F.SilkS) (width 0.127))
    (fp_line (start 9.1 -2.75) (end 9.1 2.75) (layer F.SilkS) (width 0.127))
    (fp_line (start 5.3 -2.75) (end 9.1 -2.75) (layer F.SilkS) (width 0.127))
    (fp_line (start 5.3 -3.75) (end 5.3 -2.75) (layer F.SilkS) (width 0.127))
    (fp_line (start 9.1 2.75) (end 5.3 2.75) (layer F.Fab) (width 0.127))
    (fp_line (start 9.1 -2.75) (end 9.1 2.75) (layer F.Fab) (width 0.127))
    (fp_line (start 5.3 -2.75) (end 9.1 -2.75) (layer F.Fab) (width 0.127))
    (fp_circle (center 3.85 5.25) (end 4.05 5.25) (layer F.SilkS) (width 0.4))
    (fp_circle (center 4.1 0) (end 4.3 0) (layer F.Fab) (width 0.4))
    (fp_line (start -5.3 3.75) (end -5.3 -3.75) (layer F.Fab) (width 0.127))
    (fp_line (start 5.3 3.75) (end -5.3 3.75) (layer F.Fab) (width 0.127))
    (fp_line (start 5.3 2.75) (end 5.3 3.75) (layer F.Fab) (width 0.127))
    (fp_line (start 5.3 -2.75) (end 5.3 2.75) (layer F.Fab) (width 0.127))
    (fp_line (start 5.3 -3.75) (end 5.3 -2.75) (layer F.Fab) (width 0.127))
    (fp_line (start -5.3 -3.75) (end 5.3 -3.75) (layer F.Fab) (width 0.127))
    (pad 3 thru_hole oval (at -4.1 -3.5 180) (size 3.3 1.65) (drill oval 2.5 1) (layers *.Cu *.Mask)
      (net 15 "Net-(PROBE3-Pad3)"))
    (pad 2 thru_hole oval (at -5.6 0 180) (size 1.65 3.3) (drill oval 1 2.5) (layers *.Cu *.Mask)
      (net 6 "Net-(ADC1-Pad7)"))
    (pad 1 thru_hole oval (at 4.1 0 180) (size 1.65 3.3) (drill oval 1 2.5) (layers *.Cu *.Mask)
      (net 10 GND))
    (model C:/Users/Scott/Documents/KiCad/template/CUI_DEVICES_MJ-2508.step
      (offset (xyz 9 0 5.5))
      (scale (xyz 1 1 1))
      (rotate (xyz 180 0 0))
    )
  )

  (module MountingHole:MountingHole_2.2mm_M2 (layer F.Cu) (tedit 56D1B4CB) (tstamp 5E234523)
    (at 217.2335 83.1215)
    (descr "Mounting Hole 2.2mm, no annular, M2")
    (tags "mounting hole 2.2mm no annular m2")
    (attr virtual)
    (fp_text reference M2 (at 2.3241 0 90) (layer F.SilkS)
      (effects (font (size 0.508 0.508) (thickness 0.0762)))
    )
    (fp_text value MountingHole_2.2mm_M2 (at 0 3.2) (layer F.Fab)
      (effects (font (size 1 1) (thickness 0.15)))
    )
    (fp_circle (center 0 0) (end 2.45 0) (layer F.CrtYd) (width 0.05))
    (fp_circle (center 0 0) (end 2.2 0) (layer Cmts.User) (width 0.15))
    (fp_text user %R (at 0.3 0) (layer F.Fab)
      (effects (font (size 1 1) (thickness 0.15)))
    )
    (pad 1 np_thru_hole circle (at 0 0) (size 2.2 2.2) (drill 2.2) (layers *.Cu *.Mask))
  )

  (module MountingHole:MountingHole_2.2mm_M2 (layer F.Cu) (tedit 56D1B4CB) (tstamp 5E238228)
    (at 217.2335 41.7195 180)
    (descr "Mounting Hole 2.2mm, no annular, M2")
    (tags "mounting hole 2.2mm no annular m2")
    (attr virtual)
    (fp_text reference M2 (at -2.3495 0 90) (layer F.SilkS)
      (effects (font (size 0.508 0.508) (thickness 0.0762)))
    )
    (fp_text value MountingHole_2.2mm_M2 (at 0 3.2) (layer F.Fab)
      (effects (font (size 1 1) (thickness 0.15)))
    )
    (fp_text user %R (at 0.3 0) (layer F.Fab)
      (effects (font (size 1 1) (thickness 0.15)))
    )
    (fp_circle (center 0 0) (end 2.2 0) (layer Cmts.User) (width 0.15))
    (fp_circle (center 0 0) (end 2.45 0) (layer F.CrtYd) (width 0.05))
    (pad 1 np_thru_hole circle (at 0 0 180) (size 2.2 2.2) (drill 2.2) (layers *.Cu *.Mask))
  )

  (module Package_SO:VSSOP-10_3x3mm_P0.5mm (layer F.Cu) (tedit 5E220B30) (tstamp 5E234DA8)
    (at 203.74356 61.82868 270)
    (descr "VSSOP, 10 Pin (http://www.ti.com/lit/ds/symlink/ads1115.pdf), generated with kicad-footprint-generator ipc_gullwing_generator.py")
    (tags "VSSOP SO")
    (path /5E2EFD02)
    (attr smd)
    (fp_text reference ADC1 (at -0.00508 -2.19964 270) (layer F.SilkS)
      (effects (font (size 0.508 0.508) (thickness 0.0762)))
    )
    (fp_text value ADS1115IDGST (at 0 2.45 90) (layer F.Fab)
      (effects (font (size 1 1) (thickness 0.15)))
    )
    (fp_text user %R (at 0 0 90) (layer F.Fab)
      (effects (font (size 1 1) (thickness 0.15)))
    )
    (fp_line (start 3.18 -1.75) (end -3.18 -1.75) (layer F.CrtYd) (width 0.05))
    (fp_line (start 3.18 1.75) (end 3.18 -1.75) (layer F.CrtYd) (width 0.05))
    (fp_line (start -3.18 1.75) (end 3.18 1.75) (layer F.CrtYd) (width 0.05))
    (fp_line (start -3.18 -1.75) (end -3.18 1.75) (layer F.CrtYd) (width 0.05))
    (fp_line (start -1.5 -0.75) (end -0.75 -1.5) (layer F.Fab) (width 0.1))
    (fp_line (start -1.5 1.5) (end -1.5 -0.75) (layer F.Fab) (width 0.1))
    (fp_line (start 1.5 1.5) (end -1.5 1.5) (layer F.Fab) (width 0.1))
    (fp_line (start 1.5 -1.5) (end 1.5 1.5) (layer F.Fab) (width 0.1))
    (fp_line (start -0.75 -1.5) (end 1.5 -1.5) (layer F.Fab) (width 0.1))
    (pad 10 smd roundrect (at 2.2 -1 270) (size 1.45 0.3) (layers F.Cu F.Paste F.Mask) (roundrect_rratio 0.25)
      (net 9 "Net-(ADC1-Pad10)"))
    (pad 9 smd roundrect (at 2.2 -0.5 270) (size 1.45 0.3) (layers F.Cu F.Paste F.Mask) (roundrect_rratio 0.25)
      (net 8 "Net-(ADC1-Pad9)"))
    (pad 8 smd roundrect (at 2.2 0 270) (size 1.45 0.3) (layers F.Cu F.Paste F.Mask) (roundrect_rratio 0.25)
      (net 7 "Net-(ADC1-Pad8)"))
    (pad 7 smd roundrect (at 2.2 0.5 270) (size 1.45 0.3) (layers F.Cu F.Paste F.Mask) (roundrect_rratio 0.25)
      (net 6 "Net-(ADC1-Pad7)"))
    (pad 6 smd roundrect (at 2.2 1 270) (size 1.45 0.3) (layers F.Cu F.Paste F.Mask) (roundrect_rratio 0.25)
      (net 5 "Net-(ADC1-Pad6)"))
    (pad 5 smd roundrect (at -2.2 1 270) (size 1.45 0.3) (layers F.Cu F.Paste F.Mask) (roundrect_rratio 0.25)
      (net 4 "Net-(ADC1-Pad5)"))
    (pad 4 smd roundrect (at -2.2 0.5 270) (size 1.45 0.3) (layers F.Cu F.Paste F.Mask) (roundrect_rratio 0.25)
      (net 3 "Net-(ADC1-Pad4)"))
    (pad 3 smd roundrect (at -2.2 0 270) (size 1.45 0.3) (layers F.Cu F.Paste F.Mask) (roundrect_rratio 0.25)
      (net 10 GND))
    (pad 2 smd roundrect (at -2.2 -0.5 270) (size 1.45 0.3) (layers F.Cu F.Paste F.Mask) (roundrect_rratio 0.25)
      (net 2 "Net-(ADC1-Pad2)"))
    (pad 1 smd roundrect (at -2.2 -1 270) (size 1.45 0.3) (layers F.Cu F.Paste F.Mask) (roundrect_rratio 0.25)
      (net 1 "Net-(ADC1-Pad1)"))
    (model ${KISYS3DMOD}/Package_SO.3dshapes/VSSOP-10_3x3mm_P0.5mm.wrl
      (at (xyz 0 0 0))
      (scale (xyz 1 1 1))
      (rotate (xyz 0 0 0))
    )
  )

  (module Resistor_SMD:R_0805_2012Metric (layer F.Cu) (tedit 5B36C52B) (tstamp 5E229B13)
    (at 204.2414 77.4446)
    (descr "Resistor SMD 0805 (2012 Metric), square (rectangular) end terminal, IPC_7351 nominal, (Body size source: https://docs.google.com/spreadsheets/d/1BsfQQcO9C6DZCsRaXUlFlo91Tg2WpOkGARC1WS5S8t0/edit?usp=sharing), generated with kicad-footprint-generator")
    (tags resistor)
    (path /5E242798)
    (attr smd)
    (fp_text reference R9 (at -1.143 -1.4732) (layer F.SilkS)
      (effects (font (size 0.508 0.508) (thickness 0.0762)))
    )
    (fp_text value 10k (at 0 1.65) (layer F.Fab)
      (effects (font (size 1 1) (thickness 0.15)))
    )
    (fp_line (start -1 0.6) (end -1 -0.6) (layer F.Fab) (width 0.1))
    (fp_line (start -1 -0.6) (end 1 -0.6) (layer F.Fab) (width 0.1))
    (fp_line (start 1 -0.6) (end 1 0.6) (layer F.Fab) (width 0.1))
    (fp_line (start 1 0.6) (end -1 0.6) (layer F.Fab) (width 0.1))
    (fp_line (start -0.258578 -0.71) (end 0.258578 -0.71) (layer F.SilkS) (width 0.12))
    (fp_line (start -0.258578 0.71) (end 0.258578 0.71) (layer F.SilkS) (width 0.12))
    (fp_line (start -1.68 0.95) (end -1.68 -0.95) (layer F.CrtYd) (width 0.05))
    (fp_line (start -1.68 -0.95) (end 1.68 -0.95) (layer F.CrtYd) (width 0.05))
    (fp_line (start 1.68 -0.95) (end 1.68 0.95) (layer F.CrtYd) (width 0.05))
    (fp_line (start 1.68 0.95) (end -1.68 0.95) (layer F.CrtYd) (width 0.05))
    (fp_text user %R (at 0 0) (layer F.Fab)
      (effects (font (size 1 1) (thickness 0.15)))
    )
    (pad 1 smd roundrect (at -0.9375 0) (size 0.975 1.4) (layers F.Cu F.Paste F.Mask) (roundrect_rratio 0.25)
      (net 11 VDD))
    (pad 2 smd roundrect (at 0.9375 0) (size 0.975 1.4) (layers F.Cu F.Paste F.Mask) (roundrect_rratio 0.25)
      (net 8 "Net-(ADC1-Pad9)"))
    (model ${KISYS3DMOD}/Resistor_SMD.3dshapes/R_0805_2012Metric.wrl
      (at (xyz 0 0 0))
      (scale (xyz 1 1 1))
      (rotate (xyz 0 0 0))
    )
  )

  (module Resistor_SMD:R_0805_2012Metric (layer F.Cu) (tedit 5B36C52B) (tstamp 5E229B24)
    (at 209.1436 73.8632 270)
    (descr "Resistor SMD 0805 (2012 Metric), square (rectangular) end terminal, IPC_7351 nominal, (Body size source: https://docs.google.com/spreadsheets/d/1BsfQQcO9C6DZCsRaXUlFlo91Tg2WpOkGARC1WS5S8t0/edit?usp=sharing), generated with kicad-footprint-generator")
    (tags resistor)
    (path /5E24390F)
    (attr smd)
    (fp_text reference R10 (at -2.1844 0 180) (layer F.SilkS)
      (effects (font (size 0.508 0.508) (thickness 0.0762)))
    )
    (fp_text value 10k (at 0 1.65 90) (layer F.Fab)
      (effects (font (size 1 1) (thickness 0.15)))
    )
    (fp_line (start -1 0.6) (end -1 -0.6) (layer F.Fab) (width 0.1))
    (fp_line (start -1 -0.6) (end 1 -0.6) (layer F.Fab) (width 0.1))
    (fp_line (start 1 -0.6) (end 1 0.6) (layer F.Fab) (width 0.1))
    (fp_line (start 1 0.6) (end -1 0.6) (layer F.Fab) (width 0.1))
    (fp_line (start -0.258578 -0.71) (end 0.258578 -0.71) (layer F.SilkS) (width 0.12))
    (fp_line (start -0.258578 0.71) (end 0.258578 0.71) (layer F.SilkS) (width 0.12))
    (fp_line (start -1.68 0.95) (end -1.68 -0.95) (layer F.CrtYd) (width 0.05))
    (fp_line (start -1.68 -0.95) (end 1.68 -0.95) (layer F.CrtYd) (width 0.05))
    (fp_line (start 1.68 -0.95) (end 1.68 0.95) (layer F.CrtYd) (width 0.05))
    (fp_line (start 1.68 0.95) (end -1.68 0.95) (layer F.CrtYd) (width 0.05))
    (fp_text user %R (at 0 0 90) (layer F.Fab)
      (effects (font (size 1 1) (thickness 0.15)))
    )
    (pad 1 smd roundrect (at -0.9375 0 270) (size 0.975 1.4) (layers F.Cu F.Paste F.Mask) (roundrect_rratio 0.25)
      (net 11 VDD))
    (pad 2 smd roundrect (at 0.9375 0 270) (size 0.975 1.4) (layers F.Cu F.Paste F.Mask) (roundrect_rratio 0.25)
      (net 9 "Net-(ADC1-Pad10)"))
    (model ${KISYS3DMOD}/Resistor_SMD.3dshapes/R_0805_2012Metric.wrl
      (at (xyz 0 0 0))
      (scale (xyz 1 1 1))
      (rotate (xyz 0 0 0))
    )
  )

  (module libraries:CUI_MJ-2508 (layer F.Cu) (tedit 5E22067E) (tstamp 5E236EE9)
    (at 182.245 59.055 180)
    (path /5E22164C)
    (fp_text reference PROBE1 (at -3.683 3.302) (layer F.SilkS)
      (effects (font (size 0.508 0.508) (thickness 0.0762)))
    )
    (fp_text value MJ-2508 (at 0.33562 4.87412) (layer F.Fab)
      (effects (font (size 1 1) (thickness 0.15)))
    )
    (fp_line (start -2.15 -3.75) (end 5.3 -3.75) (layer F.SilkS) (width 0.127))
    (fp_line (start -6.65 4) (end -6.65 -4.5) (layer F.CrtYd) (width 0.05))
    (fp_line (start 5.6 4) (end -6.65 4) (layer F.CrtYd) (width 0.05))
    (fp_line (start 5.6 3) (end 5.6 4) (layer F.CrtYd) (width 0.05))
    (fp_line (start 9.35 3) (end 5.6 3) (layer F.CrtYd) (width 0.05))
    (fp_line (start 9.35 -3) (end 9.35 3) (layer F.CrtYd) (width 0.05))
    (fp_line (start 5.6 -3) (end 9.35 -3) (layer F.CrtYd) (width 0.05))
    (fp_line (start 5.6 -4.5) (end 5.6 -3) (layer F.CrtYd) (width 0.05))
    (fp_line (start -6.65 -4.5) (end 5.6 -4.5) (layer F.CrtYd) (width 0.05))
    (fp_line (start -5.3 3.75) (end -5.3 2) (layer F.SilkS) (width 0.127))
    (fp_line (start 5.3 3.75) (end -5.3 3.75) (layer F.SilkS) (width 0.127))
    (fp_line (start 5.3 2.75) (end 5.3 3.75) (layer F.SilkS) (width 0.127))
    (fp_line (start 9.1 2.75) (end 5.3 2.75) (layer F.SilkS) (width 0.127))
    (fp_line (start 9.1 -2.75) (end 9.1 2.75) (layer F.SilkS) (width 0.127))
    (fp_line (start 5.3 -2.75) (end 9.1 -2.75) (layer F.SilkS) (width 0.127))
    (fp_line (start 5.3 -3.75) (end 5.3 -2.75) (layer F.SilkS) (width 0.127))
    (fp_line (start 9.1 2.75) (end 5.3 2.75) (layer F.Fab) (width 0.127))
    (fp_line (start 9.1 -2.75) (end 9.1 2.75) (layer F.Fab) (width 0.127))
    (fp_line (start 5.3 -2.75) (end 9.1 -2.75) (layer F.Fab) (width 0.127))
    (fp_circle (center 3.85 5.25) (end 4.05 5.25) (layer F.SilkS) (width 0.4))
    (fp_circle (center 4.1 0) (end 4.3 0) (layer F.Fab) (width 0.4))
    (fp_line (start -5.3 3.75) (end -5.3 -3.75) (layer F.Fab) (width 0.127))
    (fp_line (start 5.3 3.75) (end -5.3 3.75) (layer F.Fab) (width 0.127))
    (fp_line (start 5.3 2.75) (end 5.3 3.75) (layer F.Fab) (width 0.127))
    (fp_line (start 5.3 -2.75) (end 5.3 2.75) (layer F.Fab) (width 0.127))
    (fp_line (start 5.3 -3.75) (end 5.3 -2.75) (layer F.Fab) (width 0.127))
    (fp_line (start -5.3 -3.75) (end 5.3 -3.75) (layer F.Fab) (width 0.127))
    (pad 3 thru_hole oval (at -4.1 -3.5 180) (size 3.3 1.65) (drill oval 2.5 1) (layers *.Cu *.Mask)
      (net 13 "Net-(PROBE1-Pad3)"))
    (pad 2 thru_hole oval (at -5.6 0 180) (size 1.65 3.3) (drill oval 1 2.5) (layers *.Cu *.Mask)
      (net 4 "Net-(ADC1-Pad5)"))
    (pad 1 thru_hole oval (at 4.1 0 180) (size 1.65 3.3) (drill oval 1 2.5) (layers *.Cu *.Mask)
      (net 10 GND))
    (model C:/Users/Scott/Documents/KiCad/template/CUI_DEVICES_MJ-2508.step
      (offset (xyz 9 0 5.5))
      (scale (xyz 1 1 1))
      (rotate (xyz 180 0 0))
    )
  )

  (module libraries:CUI_MJ-2508 (layer F.Cu) (tedit 5E220154) (tstamp 5E21E4CF)
    (at 182.245 68.58 180)
    (path /5E2101A6)
    (fp_text reference PROBE2 (at -3.683 3.302) (layer F.SilkS)
      (effects (font (size 0.508 0.508) (thickness 0.0762)))
    )
    (fp_text value MJ-2508 (at 0.33562 4.87412) (layer F.Fab)
      (effects (font (size 1 1) (thickness 0.15)))
    )
    (fp_line (start -2.15 -3.75) (end 5.3 -3.75) (layer F.SilkS) (width 0.127))
    (fp_line (start -6.65 4) (end -6.65 -4.5) (layer F.CrtYd) (width 0.05))
    (fp_line (start 5.6 4) (end -6.65 4) (layer F.CrtYd) (width 0.05))
    (fp_line (start 5.6 3) (end 5.6 4) (layer F.CrtYd) (width 0.05))
